%matrici dei costi per lo stato (Q) e per i controlli (R)
Q = [2 -2 -2; -2 5 2; -2 2 2];
R = 17 0 -4 0 0; 0 1 0 0 0; -4 0 2 0 0; 0 0 0 2 -2; 0 0 0 -2 5];